lidar_to_cam:
  extrinsics:
   - [-0.01783068, -0.99978912,  0.01020197, -0.0803292 ]
   - [-0.02988329, -0.00966631, -0.99950683,  0.10752965]
   - [ 0.99939454, -0.01812658, -0.0297048,  -0.06024161]
   - [ 0.,          0.,          0.,          1.        ]
radar_to_cam:
  extrinsics:
    - [-0.02648141, -0.99964939,  0.00173907,  0.065953  ]
    - [ 0.01213952, -0.00206234, -0.99992572,  0.10837486]
    - [ 0.99957663, -0.02645706,  0.01218857,  0.06991787]
    - [ 0.,          0.,          0.,          1.        ]
intrinsics:
  - [332.232689, 0.000000, 333.058485]
  - [0.000000, 332.644823, 240.998586]
  - [0.000000, 0.000000, 1.000000]
coef:
  [ 0.011770, -0.041851, 0.000701, -0.000319, 0.000000 ]
image_size:
  [640, 480]