lidar_to_cam:
  extrinsics:
  - [ 0.02475152, -0.99964173, -0.01018628,  0.06281916]
  - [-0.0071284,   0.01001266, -0.99992447,  1.8412417 ]
  - [ 0.99966822,  0.02482226, -0.00687802, -0.83273744]
  - [ 0.,          0.,          0.,          1.        ]
intrinsics:
  - [1015.6154076113, 0, 962.5936392818]
  - [0, 1015.7634084065, 539.295551673]
  - [0, 0, 1]
coef:
  [ 9.1632721976, 4.221325294, 0.0001209035, 0.0000023498, 0.1730129812, 9.5732384331, 7.7118139038, 1.0591535191 ]
image_size:
  [1920, 1080]
